----8+1000----
150.9364
150.9364
150.9364
150.9364
150.9364
150.9364
150.9364
150.9364
----20+1000----
317.1533
308.2809
297.0314
298.1401
311.7346
297.0314
297.1542
307.192
302.4043
----20+2000----
314.8331
297.0314
297.0314
297.0314
297.0314
308.0911
297.0314
297.0314
297.0314
----20+3000----
297.0314
317.1533
297.0314
297.0314
311.0901
297.0314
297.0314
307.192
----20+4000----
312.9697
297.0314
297.0314
297.0314
307.192
311.0441
297.0314
150.9364
150.9364
297.0314
297.0314
297.0314
307.192
297.0314
298.8891
297.0314
297.5906
313.7754
317.1533
297.0314
297.0314
297.0314
297.0314
308.0306
308.2128
297.0314
315.6388
297.0314
297.0314
297.0314
297.0314
311.3866
312.9697
297.0314
297.0314
297.0314
297.0314
634.5325
646.183
629.3559
638.5436
635.2791
634.9498
670.0105
629.1659
669.2054
677.1682
650.4967
627.2516
629.2074
644.3434
626.7456
650.4904
646.8439
632.0203
